100
5
1 2 3 4 5
3
3 5 6
2
5 6
2
5 5
15
245254 986640 877784 795114 239674 763986 894916 694700 729229 78787 53748 137371 182975 871003 365025
15
770084 491461 452905 117382 124021 369722 140328 475538 465143 931518 633892 583142 743740 423541 914644
11
876423 288274 762443 641524 724150 508374 790264 465944 501604 351778 137091
6
178635 647500 379308 619306 380255 143198
3
357000 972411 763123
8
537676 271672 143028 563422 931745 289605 570095 280853
15
667404 160229 505787 403121 839067 206636 213908 358829 855760 524348 519694 28502 430703 933351 671569
4
779053 162128 148288 776509
12
15425 253536 389882 220865 60263 378775 248277 968407 117114 886161 743432 744483
13
336526 445794 626832 935974 537237 128839 653017 677057 863174 912028 703103 149095 421330
9
2154 4500 2947 3173 9674 5737 7496 8352 4179
12
5719 4844 2798 7344 5876 9502 1612 1898 6521 5164 5011 16111
9
7322 9329 8267 7312 6160 2520 491 3604 6663
13
4720 3053 4297 2815 2674 6898 3136 1195 3109 4450 2606 9017 12176
10
3941 2383 9240 7122 3727 2877 3839 3939 5560 10358
6
2915 1508 2575 604 6185 7933
6
8351 1818 5626 5924 4115 13640
5
7754 8149 4319 1065 5481
11
7417 8085 7730 6488 8283 8742 5482 8883 8874 1730 5578
7
6113 657 692 1181 6203 6541 4847
6
8850 9551 7109 9641 8394 6523
6
3574 7492 8471 5681 1502 8778
5
3966 5239 5317 8362 6238
9
8681 3421 697 1013 6092 3464 4795 4536 13503
9
1401 3186 5869 8222 3199 9557 2810 2664 5696
14
1273 3818 918 6601 180 3630 4118 9303 4096 4771 2030 8409 7988 4151
4
9555 9212 7477 7066
6
1225 4220 2899 1671 7490 1059
14
2665 7468 6780 8510 2621 3588 5260 4249 8012 3394 9872 1826 6975 1192
3
9387 795 10160
14
1050 4101 2575 8715 4108 5698 2911 3523 601 5070 2651 7863 6922 6670
6
1203 3224 5820 1602 1977 8044
11
8720 7570 751 3154 4151 7670 15 5412 1390 370 8109
15
3409 4863 3346 7263 6566 6274 4141 2888 735 4514 281 3115 7546 3806 6473
14
5576 2453 1058 8534 2859 6995 3902 2531 7564 2069 7566 3990 8639 2482
6
3262 9745 1898 3832 2855 4911
12
7917 3561 3811 9224 450 443 1633 6038 1202 6315 1052 2473
10
2476 4465 7444 9856 2320 5669 5935 1850 4631 15998
3
2132 4189 6153
3
7244 6342 1076
9
6811 6245 3609 3414 7571 1020 3061 1589 4638
13
7453 7293 4420 2637 2623 1317 545 6475 8357 2736 2110 9159 4085
5
9152 1486 6231 1704 9244
6
5985 483 9397 5043 3574 4691
13
4092 9044 4876 2102 6649 3931 5671 3074 9586 4028 4878 5802 3897
10
2313 4821 9540 9028 5150 816 4217 1634 2864 3637
10
7612 542 9272 6735 7991 7345 9557 5674 9243 13623
15
3628 7550 7003 5675 2366 6531 2562 5023 1740 1721 2893 6397 9017 7150 9762
8
3608 6337 5803 9015 8064 2709 5769 8409
8
3148 992 1671 3444 7283 4832 282 3030
6
5869 9002 5435 7575 4437 2515
7
7175 770 6848 2545 216 755 3615
5
1297 9417 6747 2845 12446
5
900 580 9133 7534 3718
3
3337 9474 10251
10
1825 2395 9738 6773 5864 9717 664 7754 3370 4320
8
3959 1691 87 6334 9121 9596 7913 9300
11
1264 4365 7709 9271 4402 6143 8175 2693 980 9553 6901
11
8029 9965 9582 2933 1349 7679 7000 167 6033 9558 9769
10
1664 9905 7690 8065 763 2471 5690 5777 6046 15827
14
6272 6685 7725 2557 1607 3899 7217 7489 9876 4945 3814 4348 1690 12292
11
3315 5089 7388 5109 6458 9335 623 5246 8086 5547 12634
4
6217 7894 9446 8825
3
7116 7966 1234
6
5396 5980 151 2683 4745 6701
8
5168 770 6357 297 4238 4332 6315 3505
12
8659 3958 1059 5404 6977 1767 7753 7029 9201 2032 6604 9339
3
7269 1035 6254
5
5478 6347 7930 9435 1490
3
1800 3716 2444
11
9907 1809 1916 624 4641 1331 834 3200 2019 7970 3743
4
3238 8069 3433 7754
12
9519 2082 3180 1522 4034 6046 3134 1764 3175 7584 5265 2800
3
5530 3240 5558
12
9086 157 4554 2402 7853 2275 5569 190 9298 2328 2235 7563
8
7230 4803 181 9798 8446 408 7482 5202
6
6789 5130 262 5923 9072 15322
11
8880 1269 2952 7613 7324 619 1999 8919 1718 8831 12118
11
5696 8807 4482 286 6735 7351 6110 8131 5604 7668 8782
10
188 2155 3474 8332 8133 1787 6171 6109 7096 10377
3
5849 6151 3806
6
816 1896 6034 5735 7622 219
3
2746 8535 4379
8
3975 2231 1729 5693 6133 1410 2645 356
12
3853 7500 368 2296 8167 2744 2914 7773 2177 6379 4705 3872
3
4444 8452 12376
6
4936 3875 5682 7207 5828 186
4
7627 6980 8617 5990
10
7521 3507 2221 7140 3922 1016 6238 7597 45 2799
14
5559 429 6506 6696 8899 1539 3030 1107 6770 5829 5809 7831 1679 15875
11
2708 7986 8398 805 1278 3982 7676 1956 3429 2518 3433
3
6434 9630 15548
6
4267 288 4061 3456 8505 13039
11
9172 8418 8252 4814 4216 4798 7154 8031 1110 3597 15860
5
9490 4974 2213 6240 9913
14
2950 1051 4439 8431 5295 4324 8428 3220 3823 2852 4055 8466 8871 8093
